0,0.0150489725173,6.45473000833e-07,4.28914997414e-05
1,0.0150574230194,2.72657942913e-06,0.000181078756014
2,0.015061838007,8.4831876168e-07,5.63223931427e-05
3,0.0150644263744,7.97221405763e-07,5.2920794058e-05
4,0.0150665330887,1.17382077585e-06,7.79091493008e-05
5,0.0150749603748,2.12253447525e-06,0.00014079867691
6,0.0150804099083,2.15819652068e-06,0.000143112590029
7,0.0150814038277,1.09433830523e-06,7.25620981798e-05
8,0.0150782239437,5.16656733081e-07,3.42650921627e-05
9,0.0150783714294,1.12916621178e-07,7.48864834022e-06
0,0.0150803187823,9.99316717196e-07,6.62662859863e-05
1,0.0150819562735,1.43609706967e-07,9.52195486863e-06
2,0.01508255728,3.36374774979e-07,2.23022375273e-05
3,0.0150835737396,2.7247443156e-07,1.80643152787e-05
4,0.0150836826944,1.46333550161e-07,9.70144712837e-06
5,0.0150833901474,1.2543306596e-07,8.31597304944e-06
6,0.0150839814943,2.71680190229e-07,1.80111723375e-05
7,0.0150839494479,2.10900228154e-07,1.39817644498e-05
8,0.0150830732375,4.25298169098e-07,2.81970499248e-05
9,0.015082667164,1.17598261364e-07,7.79691417209e-06
0,0.0150827324274,1.84268355388e-07,1.22171732659e-05
1,0.0150828320787,2.05347916167e-07,1.3614678934e-05
2,0.0150833196747,2.68294307878e-07,1.7787484033e-05
3,0.0150838280224,3.1207840758e-07,2.06896026073e-05
4,0.0150845100605,2.43335593106e-07,1.61314880052e-05
5,0.0150851224887,2.96512361412e-07,1.96559465549e-05
6,0.0150853209747,1.80270394497e-07,1.19500536184e-05
7,0.0150854828616,1.8397304509e-07,1.21953699976e-05
8,0.0150858867763,3.5638378975e-07,2.36236553433e-05
9,0.015086809776,2.09507864965e-07,1.38868235284e-05
0,0.0150875182128,2.32241243559e-07,1.53929387381e-05
1,0.015087951379,2.1600887277e-07,1.43166469287e-05
2,0.0150884845001,3.47004725217e-07,2.29979840065e-05
3,0.0150890884079,2.06728898051e-07,1.37005558231e-05
4,0.0150890484355,2.11003661989e-07,1.39838945372e-05
5,0.015088877036,2.00363113514e-07,1.32788618421e-05
6,0.0150886391928,3.04950196621e-07,2.02105831231e-05
7,0.015088472051,2.79802427828e-07,1.85441194365e-05
8,0.0150888205904,2.17546505203e-07,1.44177276083e-05
9,0.0150889897188,2.39968831834e-07,1.59035718299e-05
0,0.0150894085996,4.25387894128e-07,2.81911574811e-05
1,0.015089954778,4.61016903761e-07,3.05512448874e-05
2,0.0150904156225,4.22464642668e-07,2.79955604429e-05
3,0.0150903537617,4.25142889877e-07,2.81731559506e-05
4,0.0150902111901,4.27110253176e-07,2.8303795606e-05
5,0.0150897673596,4.38629698397e-07,2.9068022584e-05
6,0.0150894785552,4.31321893761e-07,2.85842809069e-05
7,0.0150889796912,4.37289948421e-07,2.89807500156e-05
8,0.0150886983154,4.22466727841e-07,2.79988849278e-05
9,0.0150888389776,4.61941424607e-07,3.06147759474e-05
0,0.0150889896431,6.39104297722e-07,4.23556721051e-05
1,0.015089117581,6.35929092855e-07,4.21448828563e-05
2,0.0150895164881,6.43755719868e-07,4.26624484871e-05
3,0.0150897613934,6.30375627624e-07,4.17750560256e-05
4,0.0150900108626,6.36491762746e-07,4.21796755841e-05
5,0.0150902722392,6.33402019018e-07,4.19741943006e-05
6,0.0150906163928,6.48446217105e-07,4.29701610741e-05
7,0.0150909067767,6.32467504862e-07,4.19105037371e-05
8,0.0150911685873,6.31785039881e-07,4.18645538433e-05
9,0.0150914354766,6.25211279465e-07,4.14282180403e-05
