0,0.0102034372091,3.76734443132e-08,3.69223072001e-06
1,0.0102034536839,3.40130030374e-08,3.3334794366e-06
2,0.0102034731388,3.68181745373e-08,3.60839628197e-06
3,0.0102034811497,3.73139709748e-08,3.6569843593e-06
4,0.0102035077572,3.81252625242e-08,3.73648586658e-06
5,0.0102035220623,4.25392481831e-08,4.16907494524e-06
6,0.0102035063267,2.90401981285e-08,2.84609987966e-06
7,0.0102035140514,4.11779605509e-08,4.0356646096e-06
8,0.0102035246372,3.68062095575e-08,3.60720543794e-06
9,0.0102035795689,7.36908987164e-08,7.22206341599e-06
0,0.0102035318229,1.33315215721e-07,1.30655951327e-05
1,0.0102035184848,1.32510197113e-07,1.29867160343e-05
2,0.010203525137,1.35754941174e-07,1.33047098283e-05
3,0.010203491052,1.30069677836e-07,1.27475662176e-05
4,0.010203514835,1.35948375325e-07,1.33236808613e-05
5,0.0102035127893,1.39614833213e-07,1.36830164372e-05
6,0.0102034929064,1.35763726002e-07,1.33056128179e-05
7,0.0102034933184,1.35926192762e-07,1.33215349411e-05
8,0.0102034794254,1.43417865056e-07,1.40557802958e-05
9,0.01020348153,1.38898652111e-07,1.36128684806e-05
0,0.0102034559313,2.89091921057e-07,2.83327455915e-05
1,0.0102034806253,3.41404638879e-07,3.34596253393e-05
2,0.0102034651746,2.79244008271e-07,2.73675661643e-05
3,0.0102034837437,2.7494768024e-07,2.69464515402e-05
4,0.010203470443,2.82155991069e-07,2.76529434416e-05
5,0.0102034549726,2.83050921686e-07,2.77406939556e-05
6,0.0102034630377,2.868477782e-07,2.81127865254e-05
7,0.0102034512962,2.81357601732e-07,2.75747483438e-05
8,0.0102034505708,2.85143973512e-07,2.79458376883e-05
9,0.0102034464349,2.91227371488e-07,2.85420591314e-05
0,0.0102034302634,3.51073097529e-07,3.44073599237e-05
1,0.0102034218643,3.51856388786e-07,3.44841557534e-05
2,0.0102034241003,3.52242600755e-07,3.45219994086e-05
3,0.0102034717474,4.06925989875e-07,3.98811306534e-05
4,0.0102034617952,3.60723540135e-07,3.53530544216e-05
5,0.0102034370623,3.49864165778e-07,3.42888542009e-05
6,0.0102034546167,3.53440042168e-07,3.463925263e-05
7,0.0102034636867,3.55965046703e-07,3.48866872696e-05
8,0.010203478944,3.49658956882e-07,3.42686017978e-05
9,0.0102034885659,3.6533372384e-07,3.58047859298e-05
0,0.0102036743905,7.02230402778e-07,6.88213261128e-05
1,0.01020365815,6.957585254e-07,6.8187165345e-05
2,0.0102036792567,6.9308665274e-07,6.79251704512e-05
3,0.0102036886901,6.98184255113e-07,6.84246919243e-05
4,0.0102036904263,6.94900638006e-07,6.81028734676e-05
5,0.0102037069688,7.23846290853e-07,7.09395411949e-05
6,0.0102036531884,6.97606001503e-07,6.8368258762e-05
7,0.0102036630513,6.91049371522e-07,6.77256165799e-05
8,0.0102036687186,7.01971223785e-07,6.87959637993e-05
9,0.0102036680102,6.97656063585e-07,6.83730657336e-05
0,0.0102036184891,9.48449215997e-07,9.295224209e-05
1,0.0102036232972,9.76882752537e-07,9.57388100364e-05
2,0.0102036253199,9.48896196545e-07,9.29959859164e-05
3,0.0102036147377,9.31109393763e-07,9.12528959298e-05
4,0.0102036325364,9.56843188147e-07,9.37747595999e-05
5,0.0102036279068,9.6157822608e-07,9.42388564991e-05
6,0.010203641658,9.43360051349e-07,9.24532713876e-05
7,0.0102036674697,9.80834873951e-07,9.61257191947e-05
8,0.0102036396608,9.52254013615e-07,9.33249355393e-05
9,0.0102036209712,9.40349696454e-07,9.21584307284e-05
